ID,Feature name,Mean feature importance,Std. Dev.
18,AA_-4,0.000136162,0.000373548
442,A_-4,0.000506899,0.000412609
1,amino acid cut position ,0.04163566,0.009845844
559,AA,0.003838612,0.002165116
577,Tm (30mer),0.021214353,0.004531393
555,A,0.019415668,0.00201468
2,NGGN_AA_-4,0.000644462,0.000917114
0,GC count,0.009126236,0.002885512
19,AT_-4,6.70E-05,0.000267903
20,CC_-4,5.08E-05,0.000203147
21,TA_3,2.44E-05,9.75E-05
22,TT_3,0,0
23,TC_3,0,0
24,TG_3,0.001314932,0.001224884
25,CA_3,0.000157197,0.000439278
26,CT_3,0.000827624,0.001084134
27,CC_3,0,0
28,CG_3,0.000256036,0.000463715
29,GA_3,0.000501722,0.000911192
30,GT_3,0.00030822,0.000599591
31,CG_-4,6.00E-05,0.000239882
32,GC_3,0.001076174,0.001194155
33,GG_3,8.93E-05,0.000357307
34,AA_4,0.005101493,0.000951505
35,AT_4,0.000384942,0.000536574
36,AC_4,0.002018294,0.001189657
37,AG_4,7.72E-05,0.000215215
38,TA_4,0,0
39,TT_4,0.00067084,0.000688997
40,TC_4,0.000351026,0.000363203
41,TG_4,0.000117492,0.000325156
42,GA_-4,0.000128929,0.000300415
43,CA_4,0.000109961,0.000312894
44,CT_4,4.95E-05,0.000198171
45,CC_4,0.000437685,0.00071723
46,CG_4,0.000279732,0.000467644
47,GA_4,0.000878406,0.000676321
48,GT_4,0.001644137,0.000811231
49,GC_4,0.000508515,0.000926955
50,GG_4,0.000186781,0.000747125
51,AA_5,0,0
52,AT_5,0.000911331,0.000632047
53,GT_-4,0.000886247,0.000650363
54,AC_5,0.000623356,0.000865725
55,AG_5,0.000110792,0.000346439
56,TA_5,0,0
57,TT_5,6.98E-05,0.000191183
58,TC_5,0.000130625,0.000357766
59,TG_5,0.004448679,0.001500668
60,CA_5,0,0
61,CT_5,0.000519369,0.000692564
62,CC_5,0.000251441,0.000569904
63,CG_5,0,0
64,GC_-4,0,0
65,GA_5,0.000913169,0.000738102
66,GT_5,0.000466516,0.000536752
67,GC_5,0.000690557,0.000615743
68,GG_5,2.67E-07,1.07E-06
69,AA_6,0,0
70,AT_6,0,0
71,AC_6,0.000346976,0.000583236
72,AG_6,0.000128039,0.00035093
73,TA_6,9.04E-06,3.62E-05
74,TT_6,0.000293825,0.000547453
75,GG_-4,0.000234114,0.000511835
76,TC_6,0.000381661,0.000598246
77,TG_6,0,0
78,CA_6,0.000324088,0.000538649
79,CT_6,0.000264298,0.000800721
80,CC_6,2.88E-05,0.00011523
81,CG_6,0.003014627,0.001421134
82,GA_6,0.001197986,0.001063107
83,GT_6,4.36E-06,1.74E-05
84,GC_6,8.94E-05,0.000357497
85,GG_6,0,0
86,AA_-3,0.000117486,0.000402555
87,AA_7,0.000216338,0.000467814
88,AT_7,0.000275017,0.000642043
89,AC_7,0.000188489,0.00052285
90,AG_7,6.07E-05,0.000242917
91,TA_7,6.87E-05,0.000274942
92,TT_7,1.26E-05,5.04E-05
93,TC_7,0.000267509,0.000365527
94,TG_7,0.001006062,0.000685527
95,CA_7,0.000143997,0.000267299
96,CT_7,0.000186857,0.000511828
97,AT_-3,7.27E-05,0.00021526
98,CC_7,0.000208985,0.000572509
99,CG_7,0,0
100,GA_7,0.000907806,0.000892545
101,GT_7,0.000993546,0.000853838
102,GC_7,0,0
103,GG_7,0.000337211,0.000610235
104,AA_8,0.000122315,0.0003362
105,AT_8,0.001989337,0.001083112
106,AC_8,0.000162441,0.000446401
107,AG_8,0.000982319,0.001069307
108,AC_-3,0.000788072,0.000455466
109,TA_8,0.002652321,0.00138192
110,TT_8,0,0
111,TC_8,0,0
112,TG_8,0,0
113,CA_8,0.000973869,0.000772611
114,CT_8,0,0
115,CC_8,0.001165773,0.000739
116,CG_8,0.000217104,0.000614642
117,GA_8,0.000654784,0.000644928
118,GT_8,0.000583501,0.000760223
119,AG_-3,6.29E-05,0.000251478
120,GC_8,1.71E-05,4.70E-05
121,GG_8,0.000876704,0.000415085
122,AA_9,0.001052886,0.000737482
123,AT_9,9.86E-05,0.000394401
124,AC_9,5.11E-05,0.000140212
125,AG_9,0.001371536,0.001359511
126,TA_9,8.50E-05,0.000339924
127,TT_9,3.83E-05,0.000153393
128,TC_9,0.006508019,0.001893865
129,TG_9,0,0
130,AC_-4,8.20E-05,0.000327996
131,TA_-3,0,0
132,CA_9,2.37E-05,9.48E-05
133,CT_9,8.47E-05,0.000277841
134,CC_9,0.000116263,0.000318674
135,CG_9,5.94E-05,0.000237592
136,GA_9,0.001788695,0.001367381
137,GT_9,0.000213112,0.000500411
138,GC_9,0,0
139,GG_9,0.002886605,0.001668496
140,AA_10,0.000639027,0.000584581
141,AT_10,0.000280509,0.000679861
142,TT_-3,0,0
143,AC_10,0,0
144,AG_10,0.006646354,0.001432546
145,TA_10,0.000150953,0.000328204
146,TT_10,0.002712007,0.001633767
147,TC_10,0.000505957,0.000614163
148,TG_10,0.000148695,0.000341459
149,CA_10,6.68E-05,0.000186015
150,CT_10,0.000608009,0.000801553
151,CC_10,0.000495366,0.00043112
152,CG_10,7.48E-05,0.000251318
153,TC_-3,0.000319105,0.000546383
154,GA_10,0.005318867,0.001681352
155,GT_10,0.001993509,0.001497165
156,GC_10,0.000440255,0.000779954
157,GG_10,0.0005317,0.000593895
158,AA_11,0.000285322,0.000547005
159,AT_11,0,0
160,AC_11,0.000158249,0.000457564
161,AG_11,0.000436625,0.000654579
162,TA_11,0.000525557,0.00068031
163,TT_11,0.005806871,0.001314063
164,TG_-3,0.002244308,0.001127797
165,TC_11,7.97E-05,0.000318667
166,TG_11,0,0
167,CA_11,0,0
168,CT_11,0.000239689,0.000549015
169,CC_11,0.000144002,0.000339278
170,CG_11,0.000178687,0.000398959
171,GA_11,0.001495907,0.00187253
172,GT_11,0,0
173,GC_11,0.000242801,0.000499789
174,GG_11,0,0
175,CA_-3,8.85E-05,0.000312136
176,AA_12,6.32E-05,0.000252935
177,AT_12,0.00079139,0.000900693
178,AC_12,0.000993743,0.001101386
179,AG_12,0.000335854,0.000575695
180,TA_12,0.000327528,0.000900346
181,TT_12,0.005664882,0.000926922
182,TC_12,8.23E-05,0.00022975
183,TG_12,0.000818631,0.001057761
184,CA_12,0.000136694,0.000546775
185,CT_12,0.001460078,0.00138931
186,CT_-3,0.000115001,0.000460005
187,CC_12,0.001500632,0.001002019
188,CG_12,0,0
189,GA_12,0.000242026,0.000476187
190,GT_12,0.000820024,0.00097162
191,GC_12,0.000973933,0.001136807
192,GG_12,0.00013541,0.00054164
193,AA_13,0,0
194,AT_13,0.000270188,0.00075055
195,AC_13,0.003392551,0.001249242
196,AG_13,9.18E-05,0.000367381
197,CC_-3,4.19E-05,0.00013878
198,TA_13,0,0
199,TT_13,7.71E-05,0.000308215
200,TC_13,0.000432665,0.000701103
201,TG_13,0,0
202,CA_13,2.99E-05,8.82E-05
203,CT_13,0.000480555,0.00105503
204,CC_13,0.000872462,0.000892456
205,CG_13,0.00113696,0.000981971
206,GA_13,0.005742446,0.001865
207,GT_13,1.88E-05,7.52E-05
208,CG_-3,0,0
209,GC_13,0.001697652,0.001089089
210,GG_13,0.00188688,0.001528347
211,AA_14,3.96E-05,0.000158477
212,AT_14,0,0
213,AC_14,0.000687576,0.000621581
214,AG_14,0.000234773,0.000456821
215,TA_14,0.001554299,0.001317075
216,TT_14,0.000148189,0.000592757
217,TC_14,0,0
218,TG_14,0.000199753,0.000336693
219,GA_-3,6.93E-05,0.000277115
220,CA_14,0.000181416,0.000375998
221,CT_14,3.54E-05,6.43E-05
222,CC_14,0.00011752,0.000257505
223,CG_14,0,0
224,GA_14,0.000129859,0.00035904
225,GT_14,0.000181122,0.000538752
226,GC_14,0.003872625,0.001235498
227,GG_14,0.000186101,0.000611724
228,AA_15,0,0
229,AT_15,0,0
230,GT_-3,0,0
231,AC_15,0.000338535,0.000676726
232,AG_15,0.000182743,0.000502014
233,TA_15,0,0
234,TT_15,0,0
235,TC_15,0.001120038,0.001090215
236,TG_15,7.44E-05,0.000297466
237,CA_15,0.000870694,0.000945074
238,CT_15,0.002332232,0.001232766
239,CC_15,9.95E-05,0.000398118
240,CG_15,5.18E-05,0.000207117
241,AG_-4,6.62E-05,0.00018609
242,GC_-3,0,0
243,GA_15,0.002720851,0.001029369
244,GT_15,6.10E-05,0.000244132
245,GC_15,0.000835207,0.000987939
246,GG_15,0.003102518,0.00159594
247,AA_16,0.000136611,0.000349556
248,AT_16,0.000379483,0.000590321
249,AC_16,2.91E-05,8.99E-05
250,AG_16,0.000735545,0.001155066
251,TA_16,0.000178814,0.00039327
252,TT_16,0.002159758,0.00115409
253,GG_-3,7.34E-05,0.000205098
254,TC_16,0.000818085,0.000752472
255,TG_16,0,0
256,CA_16,0.00443566,0.001820285
257,CT_16,5.49E-05,0.000219413
258,CC_16,0.002561262,0.001402172
259,CG_16,6.51E-05,0.000260251
260,GA_16,4.95E-05,0.000198143
261,GT_16,7.97E-05,0.000318657
262,GC_16,0.000424788,0.000858052
263,GG_16,0.010303994,0.001483141
264,AA_-2,0.000732327,0.000728795
265,AA_17,0.000251312,0.000312749
266,AT_17,0.000116302,0.000465209
267,AC_17,0.010458745,0.001658505
268,AG_17,0.000986863,0.000909693
269,TA_17,0,0
270,TT_17,0.021425164,0.001583417
271,TC_17,0,0
272,TG_17,9.31E-05,0.000293827
273,CA_17,0.000425181,0.000726393
274,CT_17,0.005121136,0.002200862
275,AT_-2,0.000262193,0.000582006
276,CC_17,0.004919142,0.001453472
277,CG_17,0,0
278,GA_17,0.001511832,0.00129307
279,GT_17,0.000219156,0.000638823
280,GC_17,0.001209641,0.001309033
281,GG_17,0.000310358,0.00068624
282,AA_18,0.015644227,0.002078359
283,AT_18,0,0
284,AC_18,0.006402213,0.002072733
285,AG_18,0,0
286,AC_-2,0,0
287,TA_18,0,0
288,TT_18,0.01351816,0.001130184
289,TC_18,0.00056436,0.000627741
290,TG_18,0.00027806,0.000608448
291,CA_18,0.000957929,0.001210047
292,CT_18,0,0
293,CC_18,0.002723433,0.002069146
294,CG_18,0.000855165,0.001099059
295,GA_18,4.20E-05,0.000167972
296,GT_18,0,0
297,AG_-2,0,0
298,GC_18,0.001340692,0.001823847
299,GG_18,0.000179612,0.000485101
300,AA_19,0.000119994,0.000479974
301,AT_19,0.000104882,0.000419529
302,AC_19,0.000181989,0.000604669
303,AG_19,0.002191722,0.001686331
304,TA_19,0.000748894,0.000246979
305,TT_19,0.008464025,0.00172037
306,TC_19,0.001499683,0.001330583
307,TG_19,0.00015227,0.000284159
308,TA_-2,1.17E-05,4.69E-05
309,CA_19,0.001324089,0.00110598
310,CT_19,0.005071828,0.001840313
311,CC_19,0.002375987,0.002087492
312,CG_19,0,0
313,GA_19,0.000451559,0.000618988
314,GT_19,0.008773214,0.001567216
315,GC_19,0.001098587,0.0011273
316,GG_19,0.001518295,0.001169498
317,AA_20,0.000590719,0.000810236
318,AT_20,0,0
319,TT_-2,0.000675747,0.000948534
320,AC_20,0.000363192,0.000825812
321,AG_20,0.002956073,0.001340621
322,TA_20,0.00337307,0.001203926
323,TT_20,0.003228884,0.00302329
324,TC_20,0.000181203,0.000506027
325,TG_20,0.000223067,0.00049976
326,CA_20,0.005715919,0.002210659
327,CT_20,0.003428025,0.00198513
328,CC_20,0.000703061,0.000953136
329,CG_20,0.000614022,0.000700972
330,TC_-2,0.000115256,0.000348824
331,GA_20,9.02E-05,0.000271433
332,GT_20,0.001049355,0.000774037
333,GC_20,0,0
334,GG_20,0.004587535,0.001547093
335,AG_N,0.00061532,0.000848389
336,TG_-2,9.28E-05,0.000254177
337,TG_N,0.002206869,0.001404107
338,CG_N,0.002555129,0.001437144
339,GG_N,0.001171519,0.00107191
340,TA_-4,0,0
341,CA_-2,9.92E-05,0.000293763
342,CT_-2,9.21E-05,0.000214037
343,CC_-2,5.03E-05,0.000201278
344,GA_G,0.000504312,0.000709309
345,GT_G,0.00154398,0.001548657
346,CG_-2,0.000110688,0.000303551
347,GC_G,0.001271232,0.001252223
348,GG_G,0.009404279,0.003197762
349,AA_+1,9.72E-05,0.000280423
350,AT_+1,5.46E-05,0.000218508
351,AC_+1,4.82E-05,0.000192684
352,AG_+1,0.000416052,0.00076004
353,TA_+1,0,0
354,TT_+1,0,0
355,TC_+1,0.001519904,0.001137243
356,TG_+1,0,0
357,GA_-2,0.000121858,0.000307186
358,CA_+1,0.00050981,0.000625614
359,CT_+1,0.000242653,0.000537245
360,CC_+1,0.000162919,0.000355736
361,CG_+1,0.000357217,0.000647516
362,GA_+1,0,0
363,GT_+1,0.000117959,0.000471836
364,GC_+1,0.00076872,0.000627758
365,GG_+1,0.00317997,0.00136046
366,AA_+2,0,0
367,AT_+2,8.42E-05,0.000336689
368,GT_-2,1.44E-05,5.76E-05
369,AC_+2,8.32E-05,0.000332964
370,AG_+2,0.000119781,0.000330586
371,TA_+2,5.98E-05,0.000239197
372,TT_+2,3.03E-05,0.000121228
373,TC_+2,0,0
374,TG_+2,0.000109872,0.00043949
375,CA_+2,0.000157139,0.00039555
376,CT_+2,0.000422732,0.000620899
377,CC_+2,0,0
378,CG_+2,0.000320291,0.000592431
379,GC_-2,0.002325387,0.001563955
380,GA_+2,0.000207663,0.000692333
381,GT_+2,3.82E-05,0.0001527
382,GC_+2,0,0
383,GG_+2,0.000290175,0.000641346
384,GG_-2,0.000148621,0.000407086
385,AA_-1,8.41E-05,0.000251808
386,AT_-1,0.000120369,0.000350922
387,TT_-4,0.000787893,0.001061272
388,AC_-1,0.001157323,0.000894441
389,AG_-1,0.000241508,0.000338768
390,TA_-1,0,0
391,TT_-1,0.001653896,0.000949036
392,TC_-1,0.00010092,0.000323933
393,TG_-1,0.000151052,0.00052434
394,CA_-1,0.000278032,0.000259084
395,CT_-1,0,0
396,CC_-1,0.000370773,0.000717513
397,CG_-1,0.000582755,0.000662855
398,TC_-4,6.13E-05,0.000245011
399,GA_-1,1.97E-05,7.90E-05
400,GT_-1,0,0
401,GC_-1,3.47E-05,0.000138964
402,GG_-1,0,0
403,AA_1,2.94E-05,0.000117692
404,AT_1,0,0
405,AC_1,9.35E-05,0.000374068
406,AG_1,0.000313461,0.000565193
407,TA_1,0,0
408,TT_1,0,0
409,TG_-4,9.88E-05,0.00039538
410,TC_1,2.47E-05,9.89E-05
411,TG_1,8.42E-05,0.000336871
412,CA_1,0.000706351,0.000775483
413,CT_1,5.74E-06,2.30E-05
414,CC_1,0.000339523,0.000472199
415,CG_1,0.002220342,0.001020049
416,GA_1,0.002315093,0.001094598
417,GT_1,0.000245887,0.000673797
418,GC_1,5.95E-05,0.000237892
419,GG_1,0,0
420,CA_-4,0,0
421,AA_2,0.000327037,0.000561752
422,AT_2,0,0
423,AC_2,0,0
424,AG_2,0,0
425,TA_2,0.003023042,0.001185496
426,TT_2,0.00025411,0.00055977
427,TC_2,0.000495389,0.00074187
428,TG_2,0,0
429,CA_2,0.000621176,0.000806931
430,CT_2,0,0
431,CT_-4,0.000257629,0.000676583
432,CC_2,0.000325729,0.000589491
433,CG_2,6.63E-05,0.000265177
434,GA_2,0.000683783,0.000973682
435,GT_2,7.36E-05,0.000178852
436,GC_2,0.00042173,0.000946358
437,GG_2,0,0
438,AA_3,0,0
439,AT_3,0.000925963,0.000740524
440,AC_3,8.78E-05,0.000192243
441,AG_3,0.001248315,0.000864036
443,T_-4,0.000321666,0.000663146
444,C_-2,0.000197558,0.000302889
445,A_+1,0.00031805,0.000578573
446,T_+1,0.001255307,0.001430695
447,G_-2,0.000240014,0.000540369
448,C_+1,0.000729038,0.000951982
449,G_+1,0.010214339,0.003757228
450,A_+2,0,0
451,T_+2,0.000146068,0.000213553
452,C_+2,0.001484717,0.001129805
453,G_+2,8.67E-05,0.000203779
454,A_+3,0.000517317,0.000635996
455,T_+3,0.000143384,0.000393794
456,C_+3,9.96E-05,0.000272957
457,G_+3,0.000277106,0.000667702
458,A_-1,0.000278203,0.000388329
459,T_-1,0.000208844,0.000370287
460,C_-1,0,0
461,G_-1,2.17E-05,8.69E-05
462,A_1,0.000161896,0.000367164
463,T_1,2.84E-05,0.00011364
464,C_1,0.007406643,0.001744752
465,G_1,0.000541387,0.000464879
466,C_-4,0.000121939,0.000334425
467,A_2,0.000161012,0.000461844
468,T_2,0,0
469,C_2,7.08E-05,0.000283287
470,G_2,0.000425952,0.000672962
471,A_3,0.000253512,0.000453391
472,T_3,0.002054964,0.001819319
473,C_3,0.01104903,0.001282553
474,G_3,0.000531665,0.00087187
475,A_4,3.34E-05,0.000133788
476,T_4,0.000708432,0.000806021
477,G_-4,0.00078307,0.000742785
478,C_4,0.001461549,0.001425059
479,G_4,0.000399882,0.000548636
480,A_5,0.000796785,0.000742561
481,T_5,0.000346602,0.000557404
482,C_5,0,0
483,G_5,0.002464473,0.001498549
484,A_6,0.000175559,0.000493504
485,T_6,0.002025701,0.001090445
486,C_6,0.000485053,0.000564647
487,G_6,9.11E-05,0.000327878
488,A_-3,0.000622395,0.000840729
489,A_7,0.000389565,0.000616412
490,T_7,3.16E-06,1.26E-05
491,C_7,0.000354336,0.000359112
492,G_7,4.60E-05,0.000183849
493,A_8,0.000246158,0.000636897
494,T_8,0.000271566,0.000496091
495,C_8,3.33E-05,0.000133005
496,G_8,0.000100262,0.000368345
497,A_9,0.001121965,0.00126518
498,T_9,0.001198847,0.000799389
499,T_-3,0.000173156,0.000474443
500,C_9,0,0
501,G_9,5.43E-05,0.000217265
502,A_10,0.003013918,0.001651421
503,T_10,0.001014193,0.001258396
504,C_10,0.000903159,0.00115212
505,G_10,0.001422467,0.000986374
506,A_11,9.94E-05,0.000270637
507,T_11,0.00070487,0.00079598
508,C_11,0.000287056,0.000666695
509,G_11,0.001307588,0.000908561
510,C_-3,0.000893453,0.00100748
511,A_12,0.004125959,0.001803502
512,T_12,0.000470037,0.000945522
513,C_12,0,0
514,G_12,1.78E-05,7.11E-05
515,A_13,0.000154865,0.000433852
516,T_13,0.000235996,0.000706571
517,C_13,0.002759786,0.001922063
518,G_13,3.41E-06,1.37E-05
519,A_14,0.001539167,0.001252851
520,T_14,0.00215505,0.001498396
521,G_-3,0.000301078,0.000447539
522,C_14,0.000610748,0.000547919
523,G_14,0.009848464,0.001460554
524,A_15,0.000303614,0.000563664
525,T_15,0,0
526,C_15,0.001024248,0.001117446
527,G_15,0.000271677,0.000600078
528,A_16,0.002034938,0.001620737
529,T_16,0.001249694,0.001596615
530,C_16,0.012931639,0.001527487
531,G_16,0.001001816,0.001247951
532,A_-2,0.003687925,0.0018681
533,A_17,0.004288709,0.001352685
534,T_17,0.000400342,0.000709865
535,C_17,0.000108111,0.000307318
536,G_17,0.004459076,0.001863513
537,A_18,0.000516055,0.000658363
538,T_18,0.000356485,0.000570354
539,C_18,0.003515249,0.001896818
540,G_18,0.000178252,0.000571262
541,A_19,0.000442893,0.000686477
542,T_19,0.008145729,0.00185387
543,T_-2,0.000385831,0.000680713
544,C_19,0.000367005,0.000620591
545,G_19,0.003439789,0.001303737
546,A_20,0.006291426,0.001509
547,T_20,0.006982786,0.001901983
548,C_20,0.015040715,0.001699319
549,G_20,0.027291205,0.002164452
550,A_N,0.000982054,0.001129924
551,T_N,0.0018297,0.001331131
552,C_N,0.001493904,0.001680574
553,G_N,0.0011522,0.001162509
575,percent peptide <50%,0.000149676,0.000477936
581,percent peptide ,0.092948114,0.009395948
560,AT,0.001569084,0.001014163
561,AC,0.009927974,0.001942612
562,AG,0.010567037,0.00362816
563,TA,0.013437362,0.002674583
564,TT,0.013196798,0.002297007
565,TC,0.001910926,0.00112368
566,TG,0.005318704,0.001508184
567,CA,0.008638095,0.002206576
568,CT,0.008738479,0.002142394
569,CC,0.00744943,0.002605827
570,CG,0.00866107,0.00276496
571,GA,0.002682967,0.001586121
572,GT,0.006625547,0.003006662
573,GC,0.00242046,0.00158514
574,GG,0.023220854,0.003852286
578,Tm (5mer end),0.042753245,0.003133448
579,Tm (8mer middle),0.035446202,0.003948271
580,Tm (5mer start),0.007215749,0.002469073
556,T,0.010376602,0.003294703
557,C,0.001504373,0.00080009
558,G,0.003501133,0.002259721
3,NGGN_AT_-4,0,0
4,NGGN_CC_-4,0,0
5,NGGN_CG_-4,0.000213282,0.000584284
6,NGGN_GA_-4,0,0
7,NGGN_GT_-4,0.000526905,0.000719455
8,NGGN_GC_-4,0,0
9,NGGN_GG_-4,0,0
10,NGGN_AC_-4,0.000586037,0.000638176
11,NGGN_AG_-4,0.000268296,0.00048772
12,NGGN_TA_-4,0.006722573,0.002149601
13,NGGN_TT_-4,0.000453265,0.00066621
14,NGGN_TC_-4,4.73E-05,0.000130042
15,NGGN_TG_-4,0.004970479,0.00138571
16,NGGN_CA_-4,0.000104733,0.000287108
17,NGGN_CT_-4,4.24E-05,0.000169751
554,GC > 10,0,0
576,GC < 10,0,0
